1262612
825880
364548
104323
84961
81933
50298
80658
65882
29526
81224
70232
90870
73863
63462
44586
48701
162163
159175
40335
19496
36054
58949
59079
35767
22338
22998
92267
91195
20236
38684
30309
24433
32298
70870
19175
60386
45528
24700
32828
67769
16645
7406
8715
18785
14859
13410
26725
10007
12175
7446
18708
4068
13171
13113
11946
9397
7003
11949
26346
14192
13815
3933
25260
8864
21015
86892
7565
8921
27406
45871
19731
48640
8640
16185
9613
19149
9546
10637
12106
4642
23888
6509
8117
14586
6851
8335
6475
10173
11595
88481
6630
4211
33356
10401
24250
19158
8759
8482
5961
